10
406
382
396
411
390
338
401
400
404
405
403
388
375
353
413
443
375
428
597
659
551
596
610
626
679
749
605
639
381
688
545
669
655
662
620
662
585
658
668
765
819
860
865
842
918
997
1098
1011
930
1067
1183
1065
1057
680
602
939
913
958
842
752
751
859
827
863
895
993
930
925
899
736
561
809
629
485
657
586
695
725
674
635
709
675
745
769
759
792
733
769
715
663
641
719
661
692
714
727
696
716
688
686
699
691
651
585
561
593
551
595
551
550
475
463
475
438
369
459
464
445
422
438
422
434
376
360
375
333



Multiplier: 1.01 Step 10 => EUR:  2 478
Multiplier: 1.03 Step 10 => EUR:  6 406
Multiplier: 1.05 Step 10 => EUR:  9 580
Multiplier: 1.07 Step 10 => EUR: 12 014
Multiplier: 1.09 Step 10 => EUR: 13 986
Multiplier: 1.11 Step 10 => EUR: 15 456
Multiplier: 1.13 Step 10 => EUR: 16 611
Multiplier: 1.15 Step 10 => EUR: 17 361
Multiplier: 1.17 Step 10 => EUR: 17 995
Multiplier: 1.19 Step 10 => EUR: 18 253
Multiplier: 1.21 Step 10 => EUR: 18 890
Multiplier: 1.23 Step 10 => EUR: 19 072
Multiplier: 1.25 Step 10 => EUR: 19 470
Multiplier: 1.27 Step 10 => EUR: 19 691
Multiplier: 1.29 Step 10 => EUR: 19 801
Multiplier: 1.31 Step 10 => EUR: 20 184